H²ššþ
130106  24.81   6.75   1.65    372    98.4    6.69    9.7     633 
130107  24.81   6.75   1.65    370    98.3    6.69    9.7     633 
130108  24.81   6.79   1.65    370    98.3    6.68    9.7     633 
130109  24.81   6.79   1.65    370    98.2    6.68    9.7     633 
130110  24.81   6.79   1.65    370    98.2    6.67    9.7     633 
130111  24.81   6.79   1.65    372    98.1    6.67    9.7     633 
130112  24.80   6.79   1.65    371    98.1    6.67    9.7     633 
130113  24.80   6.76   1.65    371    98.1    6.67    9.7     633 
130114  24.81   6.77   1.65    372    98.1    6.66    9.7     633 
130115  24.81   6.76   1.65    371    98.0    6.66    9.7     633 
130116  24.80   6.76   1.65    372    97.9    6.66    9.7     633 
130117  24.81   6.76   1.65    371    97.8    6.65    9.7     633 
130118  24.80   6.77   1.65    369    97.7    6.65    9.7     633 
130119  24.81   6.79   1.65    369    97.7    6.64    9.7     633 
130120  24.80   6.80   1.65    369    97.8    6.65    9.7     633 
130121  24.80   6.80   1.65    370    97.7    6.64    9.7     633 
130122  24.80   6.80   1.65    372    97.7    6.65    9.7     633 
130123  24.80   6.80   1.65    372    97.7    6.64    9.7     633 
130124  24.80   6.77   1.65    372    97.7    6.64    9.7     633 
130125  24.80   6.77   1.65    372    97.7    6.64    9.7     633 
130126  24.80   6.76   1.65    371    97.6    6.64    9.7     633 
130127  24.80   6.77   1.65    372    97.7    6.64    9.7     633 
130128  24.80   6.76   1.65    371    97.8    6.65    9.7     633 
130129  24.80   6.77   1.65    369    97.8    6.65    9.7     633 
130130  24.80   6.80   1.65    369    97.8    6.65    9.7     633 
130131  24.80   6.80   1.65    371    97.8    6.65    9.7     633 
130132  24.80   6.80   1.65    369    97.9    6.66    9.7     633 
130133  24.80   6.80   1.65    371    98.0    6.67    9.6     633 
130134  24.80   6.80   1.65    371    98.2    6.68    9.7     633 
130135  24.80   6.77   1.65    371    98.2    6.68    9.7     633 
130136  24.80   6.77   1.65    371    98.2    6.68    9.7     633 
130137  24.80   6.77   1.65    371    98.2    6.68    9.7     633 
130138  24.80   6.77   1.65    371    98.3    6.68    9.7     633 
130139  24.80   6.77   1.65    371    98.3    6.68    9.7     633 
130140  24.80   6.77   1.65    369    98.4    6.69    9.7     633 
130141  24.80   6.80   1.65    369    98.4    6.69    9.7     633 
130142  24.80   6.81   1.65    369    98.4    6.69    9.7     633 
130143  24.80   6.81   1.65    369    98.5    6.70    9.7     633 
130144  24.80   6.80   1.65    371    98.4    6.69    9.7     633 
130145  24.80   6.80   1.65    371    98.2    6.68    9.7     633 
130146  24.80   6.78   1.65    371    98.3    6.68    9.7     633 
130147  24.80   6.78   1.65    371    98.3    6.68    9.7     633 
130148  24.80   6.77   1.65    371   9.7     633 
130150  24.80   6.77   1.65    371    98.3    6.68    9.7     633 
130151  24.79   6.78   1.65    369    98.2    6.68    9.7     633 
130152  24.79   6.81   1.65    369    98.2    6.68    9.7     633 
130153  24.79   6.81   1.65    369    98.1    6.67    9.7     633 
130154  24.80   6.81   1.65    369    98.1    6.67    9.7     633 
130155  24.80   6.81   1.65    371    98.0    6.67    9.6     633 
130156  24.79   6.81   1.65    371    98.0    6.67    9.7     633 
130157  24.79   6.78   1.65    371    98.1    6.67    9.7     633 
130158  24.79   6.78   1.65    371    98.1    6.68    9.7     633 
130159  24.79   6.77   1.65    370    98.2    6.68    9.7     633 
130200  24.79   6.78   1.65    371    98.2    6.68    9.7     633 
130201  24.79   6.77   1.65    370    98.2    6.68    9.7     633 
130202  24.79   6.78   1.65    369    98.2    6.68    9.7     633 